-,-,-
-209, 638, 643
-209, 638, 643
-228, 553, 716
-202, 638, 697
-217, 733, 815
-224, 818, 972
-159, 921, 1059
-152, 933, 1132
-98, 1101, 1234
-64, 1310, 1288
-72, 1386, 1357
-72, 1386, 1357
-135, 1215, 1350
-116, 1019, 1455
-185, 725, 1366
-195, 647, 1113
-221, 519, 813
-221, 507, 571
-259, 538, 553
-329, 429, 519
-407, 284, 377
-477, 199, 257
-477, 199, 257
-568, 204, 92
-630, 236, -55
-758, 204, -94
-867, 119, 20
-992, 46, 215
-1188, 124, 252
-1188, 124, 252
-1404, 341, 173
-1495, 494, 373
-1285, 548, 610
-949, 585, 702
-545, 632, 654
-133, 628, 649
176, 578, 853
341, 481, 952
341, 481, 952
392, 437, 921
465, 493, 899
625, 428, 842
701, 272, 760
723, 200, 736
723, 200, 736
772, 200, 699
776, 128, 690
797, 103, 691
818, 59, 667
818, 59, 667
687, -64, 667
413, -19, 678
275, 86, 895
293, 16, 989
293, 16, 989
-131, 136, 924
-974, 540, 898
-1459, 856, 1173
-1459, 721, 1335
-1637, 725, 963
-1773, 1000, 943
-1732, 972, 845
-1469, 780, 962
-,-,-
-445, 640, 604
-407, 747, 608
-343, 809, 729
-234, 803, 913
-108, 792, 999
-28, 1012, 1056
18, 1352, 1292
-152, 1432, 1401
-496, 1388, 1362
-670, 1541, 1302
-532, 1671, 1211
-371, 1420, 1014
-371, 1420, 1014
-322, 938, 641
-352, 712, 283
-567, 527, 343
-515, 553, 352
-454, 390, 341
-522, 56, 228
-612, -10, 352
-727, -126, 488
-727, -126, 488
-678, -69, 329
-740, 21, 215
-847, 180, 225
-949, 352, 238
-1114, 500, 267
-1166, 618, 88
-1170, 805, 29
-1183, 784, 205
-1183, 784, 205
-1018, 735, 414
-788, 585, 444
-519, 460, 401
-318, 537, 533
-179, 689, 714
-76, 744, 790
119, 604, 751
326, 573, 652
326, 573, 652
420, 601, 665
391, 556, 752
368, 486, 709
384, 421, 677
384, 421, 677
408, 437, 675
406, 388, 798
457, 243, 926
625, 125, 1002
793, 23, 1025
793, 23, 1025
735, -44, 1088
646, -86, 1152
631, -224, 1227
476, -227, 1146
-64, -27, 890
-925, 562, 687
-1248, 911, 892
-1225, 911, 702
-1225, 770, 702
-1553, 1090, 386
-1917, 1486, 449
-1943, 1411, 697
-1677, 1202, 796
-,-,-
-414, 586, 712
-414, 586, 712
-408, 714, 756
-379, 826, 821
-352, 887, 924
-245, 1036, 1100
-138, 1317, 1336
-139, 1447, 1403
-309, 1357, 1309
-447, 1435, 1165
-402, 1526, 1127
-390, 1302, 1087
-435, 1049, 896
-459, 856, 630
-380, 670, 390
-380, 670, 390
-348, 531, 308
-438, 476, 303
-521, 478, 251
-555, 341, 225
-537, 280, 209
-623, 171, 372
-603, 191, 362
-603, 191, 362
-624, 200, 257
-686, 260, 153
-744, 362, 22
-875, 476, -68
-1034, 533, -97
-1138, 553, -6
-1133, 575, -9
-1133, 575, -9
-1061, 701, -28
-959, 720, 123
-799, 674, 441
-530, 689, 691
-219, 780, 640
15, 799, 731
217, 690, 970
217, 690, 970
410, 504, 1065
480, 551, 973
435, 625, 844
351, 685, 772
254, 609, 713
254, 609, 713
233, 527, 723
254, 423, 762
299, 359, 810
408, 208, 827
408, 208, 827
500, 23, 893
502, -14, 948
432, 94, 926
395, 108, 905
395, 108, 905
338, 68, 923
86, 203, 913
-288, 479, 876
-549, 592, 872
-931, 676, 737
-931, 676, 737
-1327, 1134, 590
-1496, 1407, 516
-1419, 1303, 473
-1346, 1186, 486
-,-,-
-313, 672, 696
-288, 677, 650
-307, 724, 704
-306, 864, 773
-375, 936, 883
-386, 1067, 1078
-254, 1439, 1283
-270, 1699, 1428
-487, 1562, 1444
-610, 1278, 1423
-575, 1039, 1244
-619, 951, 882
-654, 953, 571
-654, 953, 571
-637, 881, 491
-550, 818, 393
-519, 692, 224
-571, 639, 56
-609, 493, 119
-602, 313, 332
-516, 204, 399
-516, 204, 399
-482, 152, 353
-456, 128, 128
-458, 109, 24
-584, 207, 42
-717, 332, -8
-845, 403, -128
-845, 403, -128
-1017, 553, -188
-1252, 767, -186
-1234, 950, -88
-906, 974, 48
-585, 955, 238
-254, 955, 292
65, 856, 644
376, 695, 988
376, 695, 988
468, 479, 1048
442, 439, 903
352, 485, 663
120, 560, 628
-19, 734, 625
-19, 734, 625
27, 663, 619
331, 407, 646
574, 104, 682
605, 24, 735
605, 24, 735
513, 6, 917
556, -11, 1087
588, -165, 1049
424, -135, 954
219, 97, 883
219, 97, 883
106, 164, 905
-109, 242, 872
-725, 550, 745
-1229, 981, 755
-1486, 1102, 752
-,-,-
-88, 795, 746
-33, 854, 980
-33, 854, 980
15, 1008, 1212
0, 1321, 1344
-128, 1627, 1526
-431, 1724, 1517
-753, 1684, 1397
-864, 1581, 1211
-853, 1431, 908
-715, 1177, 580
-615, 953, 273
-529, 848, 226
-533, 704, 358
-533, 704, 358
-525, 477, 413
-473, 228, 402
-439, 26, 376
-486, -81, 324
-515, 8, 261
-551, 12, 138
-551, 12, 138
-572, 149, 27
-645, 243, -65
-799, 407, -176
-947, 553, -346
-1052, 658, -244
-1098, 586, 58
-983, 622, 76
-983, 622, 76
-967, 750, 18
-922, 953, 168
-681, 1005, 508
-314, 883, 728
4, 715, 844
4, 715, 844
208, 595, 721
272, 744, 784
278, 894, 962
367, 833, 948
367, 833, 948
534, 600, 858
673, 369, 671
658, 244, 618
620, 135, 619
588, 37, 605
588, 37, 605
568, -40, 576
598, -125, 630
654, -192, 698
663, -246, 811
598, -208, 993
598, -208, 993
477, -148, 1133
175, -76, 1190
-544, 214, 938
-1535, 908, 921
-1841, 1367, 940
-1709, 1173, 714
-1758, 1214, 441
-1852, 1429, 427
-1776, 1253, 526
-,-,-
-260, 1042, 698
-265, 1113, 866
-264, 1151, 1030
-311, 1343, 1043
-384, 1675, 1117
-474, 1944, 1240
-620, 1871, 1234
-681, 1585, 1081
-821, 1227, 975
-850, 1183, 699
-873, 1156, 537
-842, 1009, 402
-696, 800, 250
-544, 530, 14
-481, 299, -39
-481, 299, -39
-386, 50, 74
-341, -147, 191
-376, -105, 227
-430, -55, 52
-465, 49, -112
-614, 116, -166
-737, 354, -212
-882, 576, -253
-882, 576, -253
-1002, 658, -182
-1075, 756, -192
-1087, 848, -362
-1172, 950, -34
-1022, 824, 400
-613, 641, 631
-229, 683, 449
-85, 727, 426
-52, 769, 761
86, 753, 938
86, 753, 938
335, 653, 896
571, 506, 786
659, 438, 974
720, 368, 1026
779, 288, 913
779, 288, 913
759, 243, 814
684, 269, 835
580, 330, 799
424, 356, 674
424, 356, 674
355, 254, 662
298, 134, 645
159, 98, 619
-54, 198, 528
-156, 198, 538
-156, 333, 538
-156, 354, 664
-320, 233, 811
-900, 427, 754
-1568, 1084, 895
-1955, 1367, 1132
-1817, 1398, 1090
-1637, 1174, 852
-,-,-
-358, 659, 445
-336, 601, 435
-263, 713, 375
-197, 802, 397
-137, 918, 610
-196, 996, 879
-265, 1201, 1029
-399, 1564, 1001
-713, 1812, 1102
-951, 1773, 1246
-951, 1773, 1246
-1011, 1648, 1133
-942, 1534, 683
-942, 1534, 683
-775, 1181, 528
-591, 827, 356
-514, 659, 161
-521, 548, 68
-457, 360, 59
-367, 69, 196
-398, -352, 359
-398, -352, 359
-517, -368, 331
-634, -41, -151
-683, 134, -536
-876, 313, -231
-1039, 510, -217
-1289, 968, -433
-1579, 1443, -543
-1436, 1469, -182
-860, 938, 168
-219, 522, 305
155, 269, 402
215, 264, 932
289, 355, 1111
289, 355, 1111
486, 326, 962
549, 446, 850
472, 579, 902
359, 618, 958
318, 593, 873
318, 593, 873
282, 550, 775
245, 471, 797
293, 374, 794
343, 234, 792
335, 114, 739
335, 114, 739
255, 103, 718
303, 46, 817
451, 90, 971
377, 80, 1066
377, 80, 1066
34, 180, 913
-458, 501, 863
-644, 545, 870
-783, 399, 663
-1367, 856, 350
-1872, 1366, 283
-1932, 1543, 272
-1728, 1543, 387
-1728, 1435, 387
-1505, 1199, 516
